- name: Home
  latitude: 53.853494
  longitude: 27.465315
  radius: 50
  icon: mdi:home